10 10 0 -509.4 -509.4 10 0.11825299263
20 10 0 -508.75 -508.1 20 0.197504043579
30 10 0 -508.833333333 -509.0 30 0.278321027756
40 10 0 -508.575 -507.8 40 0.347416162491
50 10 0 -509.0 -510.7 50 0.451406240463
60 10 0 -508.9 -508.4 60 0.543955087662
70 10 0 -509.057142857 -510.0 70 0.653072118759
80 10 0 -509.775 -514.8 80 0.827299118042
90 10 0 -509.922222222 -511.1 90 0.938016176224
100 10 0 -509.71 -507.8 100 1.05541610718
110 10 0 -510.027272727 -513.2 110 1.19265007973
120 10 0 -509.95 -509.1 120 1.3033862114
130 10 0 -509.976923077 -510.3 130 1.40620708466
140 10 0 -510.257142857 -513.9 140 1.53999018669
150 10 0 -510.526666667 -514.3 150 1.70481538773
160 10 0 -510.975 -517.7 160 1.86983728409
170 10 0 -511.2 -514.8 170 2.05663323402
180 10 0 -511.561111111 -517.7 180 2.26056623459
190 10 0 -511.652631579 -513.3 190 2.43465828896
200 10 0 -511.615 -510.9 200 2.58091926575
210 10 0 -511.714285714 -513.7 210 2.73289728165
220 10 0 -511.831818182 -514.3 220 2.94368720055
230 10 0 -511.782608696 -510.7 230 3.09476327896
240 10 0 -511.733333333 -510.6 240 3.21878838539
250 10 0 -511.936 -516.8 250 3.4118244648
260 10 0 -511.926923077 -511.7 260 3.56833434105
270 10 0 -512.02962963 -514.7 270 3.74269342422
280 10 0 -512.025 -511.9 280 3.92494940758
290 10 0 -512.144827586 -515.5 290 4.13191437721
300 10 0 -512.03 -508.7 300 4.27334737778
310 10 0 -512.122580645 -514.9 310 4.47913050652
318 8 0 -505.73125 -307.6 320 4.63900351524
326 8 0 -499.790909091 -309.7 330 4.81504249573
334 8 0 -494.229411765 -310.7 340 4.98542141914
343 9 0 -491.817142857 -409.8 350 5.17106533051
353 10 0 -492.302777778 -509.3 360 5.31748628616
362 9 0 -490.17027027 -413.4 370 5.552983284
371 9 0 -488.039473684 -409.2 380 5.73839020729
380 9 0 -485.966666667 -407.2 390 5.89480209351
388 8 0 -481.6175 -312.0 400 6.09707403183
396 8 0 -477.368292683 -307.4 410 6.25888323784
406 10 0 -478.25952381 -514.8 420 6.44868803024
413 7 0 -471.951162791 -207.0 430 6.61491703987
420 7 0 -465.893181818 -205.4 440 6.78257584572
426 6 0 -457.973333333 -109.5 450 6.97154188156
434 8 0 -454.760869565 -310.2 460 7.1416208744
441 7 0 -449.476595745 -206.4 470 7.296697855
449 8 0 -446.622916667 -312.5 480 7.48373484612
457 8 0 -443.816326531 -309.1 490 7.6597969532
462 5 0 -435.1 -8.0 500 7.84676790237
470 8 0 -432.658823529 -310.6 510 8.04120588303
480 10 0 -434.186538462 -512.1 520 8.21125388145
489 9 0 -433.852830189 -416.5 530 8.45716285706
497 8 0 -431.57962963 -311.1 540 8.65862584114
500 3 0 -420.183636364 195.2 550 8.85401964188
509 9 0 -419.982142857 -408.9 560 9.03892874718
515 6 0 -414.480701754 -106.4 570 9.21768665314
520 5 0 -407.463793103 -7.5 580 9.41851067543
528 8 0 -405.801694915 -309.4 590 9.57823681831
535 7 0 -402.506666667 -208.1 600 9.73884701729
544 9 0 -402.721311475 -415.6 610 9.97241616249
552 8 0 -401.211290323 -309.1 620 10.1134681702
558 6 0 -396.566666667 -108.6 630 10.3354401588
566 8 0 -395.225 -310.7 640 10.5003800392
573 7 0 -392.401538462 -211.7 650 10.6988630295
582 9 0 -392.690909091 -411.5 660 10.8708231449
589 7 0 -390.007462687 -212.9 670 11.0832402706
597 8 0 -388.841176471 -310.7 680 11.2620382309
605 8 0 -387.763768116 -314.5 690 11.5148322582
610 5 0 -382.364285714 -9.8 700 11.748057127
616 6 0 -378.501408451 -108.1 710 11.9462931156
621 5 0 -373.351388889 -7.7 720 12.1196351051
630 9 0 -373.849315068 -409.7 730 12.3015911579
634 4 0 -367.55 92.3 740 12.4923100471
641 7 0 -365.434666667 -208.9 750 12.6869001389
650 9 0 -366.063157895 -413.2 760 12.8826351166
654 4 0 -360.085714286 94.2 770 13.0858640671
658 4 0 -354.266666667 93.8 780 13.2844569683
663 5 0 -349.882278481 -7.9 790 13.479183197
670 7 0 -348.14375 -210.8 800 13.685295105
676 6 0 -345.191358025 -109.0 810 13.8999960423
684 8 0 -344.776829268 -311.2 820 14.1110510826
692 8 0 -344.353012048 -309.6 830 14.3103990555
700 8 0 -343.928571429 -308.7 840 14.4735751152
708 8 0 -343.568235294 -313.3 850 14.676800251
715 7 0 -342.013953488 -209.9 860 14.868540287
722 7 0 -340.466666667 -207.4 870 15.0493724346
728 6 0 -337.822727273 -107.8 880 15.2436873913
733 5 0 -334.131460674 -9.3 890 15.4857811928
740 7 0 -332.778888889 -212.4 900 15.7112932205
746 6 0 -330.310989011 -108.2 910 15.8879060745
753 7 0 -329.00326087 -210.0 920 16.0923492908
760 7 0 -327.71827957 -209.5 930 16.2835774422
763 3 0 -322.206382979 190.4 940 16.5280194283
769 6 0 -320.030526316 -115.5 950 16.7814762592
776 7 0 -318.902083333 -211.7 960 16.9712774754
783 7 0 -317.759793814 -208.1 970 17.1572716236
790 7 0 -316.651020408 -209.1 980 17.3533616066
794 4 0 -312.515151515 92.8 990 17.5681085587
800 6 0 -310.51 -112.0 1000 17.7977735996
806 6 0 -308.547524752 -112.3 1010 18.0311584473
813 7 0 -307.601960784 -212.1 1020 18.2509953976
820 7 0 -306.655339806 -210.1 1030 18.4623305798
827 7 0 -305.713461538 -208.7 1040 18.6637253761
833 6 0 -303.823809524 -107.3 1050 18.8512074947
837 4 0 -300.082075472 92.8 1060 19.0586564541
845 8 0 -300.172897196 -309.8 1070 19.2503664494
852 7 0 -299.34537037 -210.8 1080 19.4665834904
861 9 0 -300.363302752 -410.3 1090 19.6522314548
866 5 0 -297.670909091 -4.2 1100 19.8277864456
876 10 0 -299.579279279 -509.5 1110 19.9828703403
881 5 0 -296.952678571 -5.4 1120 20.1711783409
887 6 0 -295.273451327 -107.2 1130 20.3680055141
893 6 0 -293.616666667 -106.4 1140 20.5543544292
896 3 0 -289.348695652 197.2 1150 20.7373974323
897 1 0 -283.446551724 395.3 1160 20.9560873508
903 6 0 -281.917094017 -104.5 1170 21.1137394905
907 4 0 -278.710169492 96.5 1180 21.2937874794
912 5 0 -276.433613445 -7.8 1190 21.4920325279
917 5 0 -274.205833333 -9.1 1200 21.7053303719
922 5 0 -271.983471074 -5.3 1210 21.874818325
924 2 0 -267.331147541 295.6 1220 22.0816042423
929 5 0 -265.188617886 -3.8 1230 22.246723175
936 7 0 -264.712903226 -206.2 1240 22.4042942524
940 4 0 -261.8128 97.8 1250 22.5717232227
944 4 0 -258.98968254 93.9 1260 22.7753212452
947 3 0 -255.4 196.9 1270 22.9608502388
950 3 0 -251.884375 194.6 1280 23.1680343151
955 5 0 -249.997674419 -8.5 1290 23.3841853142
959 4 0 -247.326153846 97.3 1300 23.5454452038
962 3 0 -243.934351145 197.0 1310 23.7282781601
965 3 0 -240.59469697 196.9 1320 23.9123342037
969 4 0 -238.042857143 98.8 1330 24.0703222752
972 3 0 -234.81119403 195.0 1340 24.2626442909
975 3 0 -231.620740741 195.9 1350 24.4574754238
976 1 0 -226.988970588 398.3 1360 24.6385242939
978 2 0 -223.155474453 298.2 1370 24.8216283321
980 2 0 -219.385507246 297.1 1380 25.0136053562
986 6 0 -218.595683453 -109.6 1390 25.228489399
987 1 0 -214.188571429 398.4 1400 25.4191303253
991 4 0 -211.983687943 96.7 1410 25.5962872505
993 2 0 -208.413380282 295.0 1420 25.8079912663
997 4 0 -206.301398601 93.6 1430 26.0035192966
1000 3 0 -203.511805556 195.4 1440 26.2017841339
1003 3 0 -200.775172414 193.3 1450 26.4095351696
1005 2 0 -197.359589041 297.9 1460 26.5964682102
1007 2 0 -194.006802721 295.5 1470 26.8047883511
1010 3 0 -191.372972973 195.8 1480 27.0003414154
1010 0 0 -186.726845638 500.9 1490 27.1759264469
1012 2 0 -183.522666667 293.9 1500 27.3946535587
1013 1 0 -179.657615894 400.1 1510 27.5705275536
1017 4 0 -177.854605263 94.4 1520 27.7595975399
1020 3 0 -175.40130719 197.5 1530 27.9200446606
1022 2 0 -172.312987013 300.2 1540 28.0842225552
1026 4 0 -170.582580645 95.9 1550 28.2593305111
1029 3 0 -168.241025641 194.7 1560 28.4652924538
1032 3 0 -165.919745223 196.2 1570 28.6477525234
1034 2 0 -162.982911392 298.1 1580 28.8306434155
1038 4 0 -161.341509434 98.0 1590 28.9960694313
1041 3 0 -159.098125 197.6 1600 29.175349474
1044 3 0 -156.885093168 197.2 1610 29.3464803696
1045 1 0 -153.440740741 401.1 1620 29.511039257
1049 4 0 -151.912883436 95.6 1630 29.6684391499
1050 1 0 -148.565853659 397.0 1640 29.8705012798
1055 5 0 -147.706666667 -6.8 1650 30.0706892014
1059 4 0 -146.242168675 95.4 1660 30.2589840889
1063 4 0 -144.792215569 95.9 1670 30.4439179897
1065 2 0 -142.170833333 295.6 1680 30.6455750465
1066 1 0 -138.983431953 396.5 1690 30.8575432301
1067 1 0 -135.816470588 399.4 1700 31.0390510559
1071 4 0 -134.470760234 94.3 1710 31.2391719818
1073 2 0 -131.962790698 296.9 1720 31.423415184
1076 3 0 -130.063583815 196.6 1730 31.6113111973
1081 5 0 -129.356896552 -7.1 1740 31.813734293
1085 4 0 -128.058857143 97.8 1750 31.9802644253
1089 4 0 -126.780113636 97.0 1760 32.1375236511
1092 3 0 -124.957062147 195.9 1770 32.3312747478
1095 3 0 -123.146067416 197.4 1780 32.5099885464
1099 4 0 -121.915083799 97.2 1790 32.6729655266
1100 1 0 -119.03 397.4 1800 32.8632395267
1103 3 0 -117.285635359 196.7 1810 33.0392165184
1109 6 0 -117.221428571 -105.6 1820 33.2079236507
1111 2 0 -114.969398907 294.9 1830 33.4193146229
1116 5 0 -114.360869565 -3.0 1840 33.5660145283
1120 4 0 -113.216756757 97.3 1850 33.7359435558
1124 4 0 -112.094086022 95.6 1860 33.924343586
1125 1 0 -109.369518717 397.4 1870 34.1265637875
1129 4 0 -108.278191489 95.8 1880 34.3117587566
1135 6 0 -108.271957672 -107.1 1890 34.5029838085
1135 0 0 -105.092631579 495.8 1900 34.7255747318
1137 2 0 -102.976963351 299.0 1910 34.9003386497
1140 3 0 -101.427604167 194.5 1920 35.1031606197
1143 3 0 -99.8953367876 194.3 1930 35.3108186722
1145 2 0 -97.856185567 295.7 1940 35.5166275501
1149 4 0 -96.8574358974 96.9 1950 35.6810715199
1150 1 0 -94.3275510204 399.0 1960 35.864228487
1152 2 0 -92.3593908629 293.4 1970 36.089943409
1154 2 0 -90.3782828283 299.9 1980 36.2565894127
1157 3 0 -88.9391959799 196.0 1990 36.4508533478
1160 3 0 -87.5185 195.2 2000 36.6420402527
