3 3 123 188.1 188.1 10 0.275479078293
7 4 78 136.95 85.8 20 0.579658269882
9 2 140 185.866666667 283.7 30 0.932866334915
10 1 54 236.775 389.5 40 1.23731827736
11 1 36 267.64 391.1 50 1.52211833
12 1 31 288.35 391.9 60 1.80222821236
14 2 45 287.957142857 285.6 70 2.1296954155
14 0 47 313.2375 490.2 80 2.43769931793
16 2 28 311.011111111 293.2 90 2.7151093483
17 1 50 318.18 382.7 100 3.08447432518
18 1 33 324.845454545 391.5 110 3.36977124214
20 2 22 321.841666667 288.8 120 3.67068314552
22 2 59 319.053846154 285.6 130 4.00834822655
23 1 82 323.8 385.5 140 4.35458016396
23 0 24 335.24 495.4 150 4.60800600052
24 1 17 338.53125 387.9 160 4.92903017998
26 2 14 335.441176471 286.0 170 5.25780916214
26 0 8 344.305555556 495.0 180 5.51943016052
27 1 27 346.326315789 382.7 190 5.88510918617
27 0 54 353.44 488.6 200 6.21065425873
28 1 14 355.328571429 393.1 210 6.47727823257
31 3 24 347.636363636 186.1 220 6.79468941689
31 0 42 353.660869565 486.2 230 7.14522862434
31 0 12 359.35 490.2 240 7.45400357246
31 0 16 364.696 493.0 250 7.73186159134
35 4 44 353.676923077 78.2 260 8.11711072922
35 0 27 358.466666667 483.0 270 8.49976181984
35 0 13 363.128571429 489.0 280 8.82012796402
36 1 20 363.972413793 387.6 290 9.15391588211
37 1 26 364.733333333 386.8 300 9.49284505844
37 0 32 368.729032258 488.6 310 9.82817006111
38 1 20 369.340625 388.3 320 10.1465191841
40 2 27 366.681818182 281.6 330 10.5620322227
41 1 24 367.294117647 387.5 340 10.8946363926
43 2 18 365.257142857 296.0 350 11.1695232391
43 0 13 368.783333333 492.2 360 11.5983324051
44 1 23 369.332432432 389.1 370 12.1726853848
45 1 18 369.839473684 388.6 380 12.5805015564
45 0 11 372.976923077 492.2 390 12.8749303818
46 1 20 373.36 388.3 400 13.1976954937
47 1 14 373.743902439 389.1 410 13.5089535713
48 1 10 374.242857143 394.7 420 13.7629144192
48 0 15 376.986046512 492.2 430 14.056283474
48 0 17 379.55 489.8 440 14.3699433804
49 1 25 379.753333333 388.7 450 14.6880521774
51 2 15 377.889130435 294.0 460 14.9382152557
53 2 18 376.170212766 297.1 470 15.1719481945
54 1 44 376.45625 389.9 480 15.4809072018
54 0 27 378.695918367 486.2 490 15.8448522091
54 0 15 380.958 491.8 500 16.1393082142
56 2 24 379.198039216 291.2 510 16.4235692024
59 3 20 375.607692308 192.5 520 16.6837742329
60 1 10 375.90754717 391.5 530 16.9746522903
60 0 23 377.987037037 488.2 540 17.304002285
61 1 26 378.109090909 384.7 550 17.677188158
63 2 14 376.614285714 294.4 560 17.9295532703
63 0 14 378.698245614 495.4 570 18.1894562244
67 4 19 373.8 94.6 580 18.4114131927
68 1 20 373.991525424 385.1 590 18.7701473236
69 1 2 374.323333333 393.9 600 19.0355012417
69 0 15 376.268852459 493.0 610 19.3245773315
70 1 25 376.417741935 385.5 620 19.6668522358
70 0 10 378.319047619 496.2 630 19.9246711731
70 0 21 380.1234375 493.8 640 20.2019431591
71 1 14 380.316923077 392.7 650 20.4863622189
73 2 30 378.936363636 289.2 660 20.7844133377
74 1 16 379.123880597 391.5 670 21.0791652203
75 1 13 379.276470588 389.5 680 21.4579401016
76 1 7 379.482608696 393.5 690 21.7691280842
76 0 6 381.132857143 495.0 700 22.1144940853
77 1 5 381.301408451 393.1 710 22.4586899281
80 3 10 378.640277778 189.7 720 22.7549569607
81 1 23 378.783561644 389.1 730 23.1452319622
83 2 15 377.612162162 292.1 740 23.5143289566
83 0 6 379.134666667 491.8 750 23.8919389248
85 2 11 377.946052632 288.8 760 24.1950480938
87 2 15 376.767532468 287.2 770 24.5126600266
88 1 12 376.941025641 390.3 780 24.8125679493
88 0 18 378.4 492.2 790 25.1000847816
88 0 24 379.7875 489.4 800 25.4124188423
88 0 27 381.071604938 483.8 810 25.7854168415
89 1 31 381.198780488 391.5 820 26.0682208538
90 1 12 381.371084337 395.5 830 26.3111858368
91 1 20 381.439285714 387.1 840 26.6333649158
92 1 8 381.585882353 393.9 850 26.8949577808
94 2 11 380.56744186 294.0 860 27.1425278187
96 2 16 379.535632184 290.8 870 27.4218478203
96 0 12 380.825 493.0 880 27.7024729252
97 1 12 380.953932584 392.3 890 27.9799470901
98 1 13 381.106666667 394.7 900 28.2319800854
98 0 10 382.331868132 492.6 910 28.5169801712
98 0 24 383.47826087 487.8 920 28.8493630886
98 0 8 384.638709677 491.4 930 29.2128500938
98 0 15 385.825531915 496.2 940 29.4584169388
98 0 5 386.974736842 495.0 950 29.7170798779
99 1 9 387.017708333 391.1 960 30.0047118664
99 0 23 388.064948454 488.6 970 30.3301627636
99 0 8 389.156122449 495.0 980 30.588644743
99 0 12 390.221212121 494.6 990 30.8522925377
100 1 13 390.254 393.5 1000 31.1181135178
102 2 20 389.258415842 289.7 1010 31.4115877151
102 0 14 390.314705882 497.0 1020 31.6504135132
102 0 18 391.3 491.8 1030 31.9413735867
103 1 9 391.317307692 393.1 1040 32.2098705769
104 1 65 391.273333333 386.7 1050 32.5462026596
104 0 25 392.171698113 486.5 1060 33.0357525349
104 0 21 393.026168224 483.6 1070 33.5404987335
104 0 2 393.973148148 495.3 1080 33.8086535931
104 0 5 394.891743119 494.1 1090 34.0831255913
104 0 3 395.849090909 500.2 1100 34.295422554
104 0 43 396.681081081 488.2 1110 34.633323431
104 0 8 397.530357143 491.8 1120 34.9292325974
104 0 7 398.338938053 488.9 1130 35.313608408
104 0 12 399.193859649 495.8 1140 35.6034283638
104 0 7 400.044347826 497.0 1150 35.8553533554
105 1 15 399.943103448 388.3 1160 36.2281115055
106 1 6 399.901709402 395.1 1170 36.4785203934
106 0 7 400.663559322 489.8 1180 36.7924273014
107 1 9 400.6 393.1 1190 37.0621693134
107 0 4 401.399166667 496.5 1200 37.3073792458
107 0 0 402.195867769 497.8 1210 37.5378222466
107 0 11 402.952459016 494.5 1220 37.8657491207
108 1 23 402.895121951 395.9 1230 38.13433218
108 0 10 403.650806452 496.6 1240 38.3769891262
109 1 6 403.5792 394.7 1250 38.6290860176
109 0 13 404.294444444 493.7 1260 38.9004559517
109 0 8 405.02992126 497.7 1270 39.1334998608
111 2 35 404.140625 291.2 1280 39.4131639004
112 1 20 404.03875969 391.0 1290 39.704146862
112 0 4 404.748461538 496.3 1300 40.0108728409
112 0 4 405.452671756 497.0 1310 40.2652318478
112 0 2 406.13030303 494.9 1320 40.5286529064
112 0 4 406.818796992 497.7 1330 40.7616529465
112 0 8 407.479850746 495.4 1340 41.0184409618
113 1 18 407.360740741 391.4 1350 41.306278944
114 1 8 407.298529412 398.9 1360 41.516646862
114 0 5 407.955474453 497.3 1370 41.753210783
114 0 10 408.58115942 494.3 1380 42.020403862
114 0 6 409.212230216 496.3 1390 42.2676169872
115 1 9 409.113571429 395.4 1400 42.5124359131
116 1 14 408.960283688 387.5 1410 42.8363647461
116 0 13 409.557746479 493.8 1420 43.1090698242
117 1 12 409.442657343 393.1 1430 43.3761956692
117 0 4 410.05625 497.8 1440 43.6070177555
117 0 6 410.64137931 494.9 1450 43.8668446541
119 2 12 409.826027397 291.6 1460 44.1371676922
119 0 9 410.431292517 498.8 1470 44.357367754
119 0 6 410.996621622 494.1 1480 44.6254389286
119 0 2 411.560402685 495.0 1490 44.8843538761
120 1 13 411.44 393.5 1500 45.1507987976
120 0 1 412.000662252 496.1 1510 45.3991708755
120 0 6 412.564473684 497.7 1520 45.6305859089
120 0 15 413.110457516 496.1 1530 45.8788659573
121 1 7 413.009090909 397.5 1540 46.1032049656
121 0 2 413.549032258 496.7 1550 46.3474719524
122 1 13 413.416666667 392.9 1560 46.6173219681
122 0 3 413.941401274 495.8 1570 46.8694639206
122 0 3 414.487341772 500.2 1580 47.0748109818
123 1 11 414.354716981 393.4 1590 47.3411180973
123 0 5 414.8725 497.2 1600 47.579472065
123 0 10 415.390062112 498.2 1610 47.887264967
125 2 27 414.633333333 292.8 1620 48.1483500004
125 0 3 415.118404908 493.7 1630 48.4201648235
125 0 2 415.605487805 495.0 1640 48.6810398102
126 1 16 415.458787879 391.4 1650 48.9660627842
126 0 8 415.928313253 493.4 1660 49.2423577309
126 0 3 416.413173653 496.9 1670 49.4830157757
127 1 61 416.254761905 389.8 1680 49.8523957729
128 1 14 416.089349112 388.3 1690 50.1985816956
129 1 2 415.974705882 396.6 1700 50.4312646389
130 1 15 415.85497076 395.5 1710 50.6751625538
131 1 9 415.720930233 392.8 1720 50.9442305565
131 0 10 416.185549133 496.1 1730 51.1896743774
131 0 11 416.620114943 491.8 1740 51.4796235561
132 1 11 416.504 396.3 1750 51.7410366535
132 0 7 416.969886364 498.5 1760 51.9941856861
132 0 3 417.406214689 494.2 1770 52.263207674
133 1 9 417.300561798 398.6 1780 52.4745166302
133 0 15 417.75027933 497.8 1790 52.7045295238
135 2 9 417.053888889 292.4 1800 52.9689276218
135 0 3 417.501657459 498.1 1810 53.1975195408
138 3 13 416.258241758 191.2 1820 53.4678156376
139 1 30 416.093989071 386.2 1830 53.8783125877
140 1 16 415.971195652 393.5 1840 54.1635575294
140 0 6 416.402162162 495.7 1850 54.4175674915
141 1 6 416.315591398 400.3 1860 54.6130886078
141 0 11 416.744919786 496.6 1870 54.9444415569
141 0 8 417.190425532 500.5 1880 55.1471495628
143 2 17 416.525925926 291.6 1890 55.4203565121
143 0 5 416.966315789 500.2 1900 55.6258823872
144 1 4 416.870157068 398.6 1910 55.9354734421
145 1 5 416.766666667 397.0 1920 56.1611914635
145 0 5 417.198445596 500.1 1930 56.3702874184
146 1 27 417.048969072 388.2 1940 56.6823372841
146 0 14 417.454871795 496.2 1950 56.9296121597
147 1 3 417.346938776 396.3 1960 57.1669111252
149 2 11 416.729949239 295.8 1970 57.3979291916
149 0 9 417.124747475 494.9 1980 57.6548621655
150 1 15 416.991959799 390.7 1990 58.0469622612
150 0 3 417.4055 499.7 2000 58.2596890926
