10 10 0 -506.8 -506.8 10 0.0375819206238
20 10 0 -507.4 -508.0 20 0.0932929515839
30 10 0 -507.566666667 -507.9 30 0.145005941391
40 10 0 -507.725 -508.2 40 0.194584846497
50 10 0 -508.7 -512.6 50 0.276187896729
60 10 0 -508.95 -510.2 60 0.340463876724
70 10 0 -508.914285714 -508.7 70 0.410945892334
80 10 0 -509.3 -512.0 80 0.497634887695
90 10 0 -510.033333333 -515.9 90 0.604549884796
100 10 0 -509.81 -507.8 100 0.666537761688
110 10 0 -509.972727273 -511.6 110 0.750003814697
120 10 0 -509.858333333 -508.6 120 0.832884788513
130 10 0 -510.161538462 -513.8 130 0.940446853638
140 10 0 -510.25 -511.4 140 1.03932476044
150 10 0 -510.413333333 -512.7 150 1.14719080925
160 10 0 -510.60625 -513.5 160 1.25076770782
170 10 0 -510.694117647 -512.1 170 1.35634875298
180 10 0 -510.833333333 -513.2 180 1.50295591354
190 10 0 -510.810526316 -510.4 190 1.60172200203
200 10 0 -510.97 -514.0 200 1.7194070816
210 10 0 -511.014285714 -511.9 210 1.84324216843
219 9 0 -506.404545455 -409.6 220 1.96347928047
228 9 0 -502.343478261 -413.0 230 2.09178423882
237 9 0 -498.483333333 -409.7 240 2.20117020607
246 9 0 -494.948 -410.1 250 2.32754611969
255 9 0 -491.692307692 -410.3 260 2.43070721626
265 10 0 -492.618518519 -516.7 270 2.56820106506
273 8 0 -486.15 -311.5 280 2.71119689941
281 8 0 -480.14137931 -311.9 290 2.85089588165
290 9 0 -477.88 -412.3 300 2.98302483559
300 10 0 -479.016129032 -513.1 310 3.12432765961
308 8 0 -473.7875 -311.7 320 3.27252650261
317 9 0 -471.939393939 -412.8 330 3.39316153526
326 9 0 -470.102941176 -409.5 340 3.49730658531
335 9 0 -468.48 -413.3 350 3.63252353668
345 10 0 -469.633333333 -510.0 360 3.75168347359
353 8 0 -465.275675676 -308.4 370 3.86316943169
361 8 0 -461.176315789 -309.5 380 3.99790859222
369 8 0 -457.38974359 -313.5 390 4.14950060844
377 8 0 -453.6975 -309.7 400 4.27754068375
386 9 0 -452.690243902 -412.4 410 4.40538263321
394 8 0 -449.311904762 -310.8 420 4.55295872688
404 10 0 -450.765116279 -511.8 430 4.68841362
414 10 0 -452.170454545 -512.6 440 4.8374786377
421 7 0 -446.731111111 -207.4 450 5.01519179344
427 6 0 -439.413043478 -110.1 460 5.17914366722
432 5 0 -430.229787234 -7.8 470 5.33797073364
441 9 0 -429.78125 -408.7 480 5.46940660477
449 8 0 -427.324489796 -309.4 490 5.61065673828
457 8 0 -424.946 -308.4 500 5.73448872566
466 9 0 -424.754901961 -415.2 510 5.89838767052
475 9 0 -424.469230769 -409.9 520 6.03725552559
484 9 0 -424.249056604 -412.8 530 6.186845541
494 10 0 -425.933333333 -515.2 540 6.32988357544
501 7 0 -421.967272727 -207.8 550 6.48246145248
509 8 0 -419.898214286 -306.1 560 6.60733747482
515 6 0 -414.394736842 -106.2 570 6.74568629265
524 9 0 -414.329310345 -410.6 580 6.88134527206
532 8 0 -412.538983051 -308.7 590 7.00948834419
537 5 0 -405.79 -7.6 600 7.17748045921
545 8 0 -404.183606557 -307.8 610 7.31781625748
553 8 0 -402.638709677 -308.4 620 7.44420528412
562 9 0 -402.773015873 -411.1 630 7.58285927773
569 7 0 -399.740625 -208.7 640 7.73114538193
577 8 0 -398.367692308 -310.5 650 7.87128424644
584 7 0 -395.490909091 -208.5 660 8.00493311882
592 8 0 -394.208955224 -309.6 670 8.15788412094
601 9 0 -394.419117647 -408.5 680 8.27660107613
607 6 0 -390.27826087 -108.7 690 8.42290902138
613 6 0 -386.272857143 -109.9 700 8.58815407753
620 7 0 -383.804225352 -211.0 710 8.75837993622
625 5 0 -378.597222222 -8.9 720 8.93649196625
632 7 0 -376.302739726 -211.1 730 9.10971593857
640 8 0 -375.378378378 -307.9 740 9.24598193169
649 9 0 -375.897333333 -414.3 750 9.42412400246
656 7 0 -373.681578947 -207.5 760 9.5629389286
663 7 0 -371.546753247 -209.3 770 9.71368503571
670 7 0 -369.511538462 -212.8 780 9.88877987862
676 6 0 -366.235443038 -110.7 790 10.0559148788
685 9 0 -366.84 -414.6 800 10.2136769295
690 5 0 -362.388888889 -6.3 810 10.3542439938
697 7 0 -360.51097561 -208.4 820 10.4934298992
702 5 0 -356.273493976 -8.8 830 10.6695969105
706 4 0 -350.922619048 93.2 840 10.8310308456
712 6 0 -348.076470588 -109.0 850 11.0006680489
718 6 0 -345.268604651 -106.6 860 11.1432218552
723 5 0 -341.388505747 -7.7 870 11.3110508919
730 7 0 -339.897727273 -210.2 880 11.4607288837
737 7 0 -338.441573034 -210.3 890 11.6327679157
745 8 0 -338.127777778 -310.2 900 11.7854778767
750 5 0 -334.48021978 -6.2 910 12.0031938553
755 5 0 -330.935869565 -8.4 920 12.1658039093
762 7 0 -329.66344086 -212.6 930 12.3401389122
768 6 0 -327.293617021 -106.9 940 12.4875860214
776 8 0 -327.121052632 -310.9 950 12.6358640194
785 9 0 -327.982291667 -409.8 960 12.762994051
794 9 0 -328.862886598 -413.4 970 12.8987650871
800 6 0 -326.623469388 -109.4 980 13.0533380508
806 6 0 -324.424242424 -108.9 990 13.2220110893
814 8 0 -324.295 -311.5 1000 13.3822650909
817 3 0 -319.138613861 196.5 1010 13.519010067
819 2 0 -313.106862745 296.1 1020 13.6774880886
825 6 0 -311.085436893 -104.9 1030 13.8115940094
828 3 0 -306.206730769 196.3 1040 13.9564101696
831 3 0 -301.416190476 196.8 1050 14.1052761078
838 7 0 -300.530188679 -207.5 1060 14.2536351681
844 6 0 -298.726168224 -107.5 1070 14.3991131783
849 5 0 -296.002777778 -4.6 1080 14.5457172394
855 6 0 -294.244954128 -104.4 1090 14.6808512211
860 5 0 -291.676363636 -11.7 1100 14.8623950481
866 6 0 -290.012612613 -107.0 1110 15.0172431469
870 4 0 -286.572321429 95.3 1120 15.1699311733
870 0 0 -279.627433628 498.2 1130 15.3320171833
875 5 0 -277.230701754 -6.4 1140 15.48214221
880 5 0 -274.868695652 -5.6 1150 15.6255834103
886 6 0 -273.420689655 -106.9 1160 15.7762684822
890 4 0 -270.256410256 96.8 1170 15.9188575745
893 3 0 -266.330508475 193.0 1180 16.0933735371
897 4 0 -263.298319328 94.5 1190 16.2503526211
900 3 0 -259.4775 195.2 1200 16.4045746326
904 4 0 -256.566115702 92.8 1210 16.5684394836
906 2 0 -252.053278689 294.0 1220 16.741345644
909 3 0 -248.416260163 195.3 1230 16.8932065964
914 5 0 -246.457258065 -5.5 1240 17.0333485603
918 4 0 -243.704 97.7 1250 17.1689624786
922 4 0 -241.028571429 93.4 1260 17.330006361
924 2 0 -236.798425197 296.2 1270 17.4908473492
925 1 0 -231.834375 398.6 1280 17.6433603764
926 1 0 -226.954263566 397.7 1290 17.8019964695
928 2 0 -222.94 294.9 1300 17.9713284969
930 2 0 -218.961068702 298.3 1310 18.1110725403
934 4 0 -216.593181818 93.6 1320 18.2676386833
934 0 0 -211.212781955 499.0 1330 18.4242265224
936 2 0 -207.419402985 297.1 1340 18.5712556839
938 2 0 -203.682222222 297.1 1350 18.7192034721
943 5 0 -202.227205882 -5.8 1360 18.8584935665
946 3 0 -199.329927007 194.7 1370 19.0167675018
952 6 0 -198.646376812 -105.0 1380 19.1561174393
959 7 0 -198.708633094 -207.3 1390 19.2899494171
963 4 0 -196.592142857 97.6 1400 19.4259293079
966 3 0 -193.824113475 193.7 1410 19.5938293934
968 2 0 -190.355633803 298.7 1420 19.7394733429
972 4 0 -188.375524476 92.8 1430 19.9076423645
973 1 0 -184.303472222 398.0 1440 20.1164183617
978 5 0 -183.082068966 -7.2 1450 20.2832663059
983 5 0 -181.867808219 -5.8 1460 20.4317214489
984 1 0 -177.926530612 397.5 1470 20.5940504074
986 2 0 -174.704054054 299.0 1480 20.795078516
991 5 0 -173.563087248 -4.7 1490 20.9582414627
992 1 0 -169.754666667 397.7 1500 21.1216714382
993 1 0 -165.990728477 398.6 1510 21.2759745121
996 3 0 -163.608552632 196.1 1520 21.4323544502
1001 5 0 -162.6 -9.3 1530 21.6235625744
1004 3 0 -160.259090909 197.9 1540 21.7643916607
1007 3 0 -157.949677419 197.7 1550 21.9097456932
1011 4 0 -156.318589744 96.5 1560 22.0573687553
1012 1 0 -152.768789809 401.0 1570 22.1937918663
1014 2 0 -149.920886076 297.2 1580 22.3503189087
1019 5 0 -149.017610063 -6.3 1590 22.5215339661
1022 3 0 -146.87375 194.0 1600 22.6825387478
1027 5 0 -145.98757764 -4.2 1610 22.8285427094
1028 1 0 -142.622222222 399.2 1620 22.9781427383
1030 2 0 -139.928834356 296.4 1630 23.1366226673
1033 3 0 -137.882926829 195.6 1640 23.2943937778
1034 1 0 -134.633333333 398.3 1650 23.4566967487
1037 3 0 -132.638554217 196.5 1660 23.606913805
1040 3 0 -130.665868263 196.8 1670 23.7583968639
1041 1 0 -127.504166667 400.5 1680 23.8985028267
1042 1 0 -124.395266272 397.9 1690 24.0539889336
1045 3 0 -122.511176471 195.9 1700 24.2118899822
1047 2 0 -120.050877193 298.2 1710 24.3585591316
1051 4 0 -118.809883721 93.4 1720 24.5252280235
1053 2 0 -116.405780347 297.1 1730 24.6789610386
1055 2 0 -114.028735632 297.2 1740 24.831507206
1057 2 0 -111.684571429 296.2 1750 24.9949831963
1059 2 0 -109.367613636 296.1 1760 25.1497561932
1060 1 0 -106.498305085 398.5 1770 25.3013281822
1060 0 0 -103.08988764 500.2 1780 25.4496002197
1064 4 0 -101.993854749 93.1 1790 25.6123020649
1068 4 0 -100.895555556 95.7 1800 25.7636160851
1069 1 0 -98.1408839779 397.7 1810 25.9245519638
1072 3 0 -96.5230769231 196.3 1820 26.0778980255
1076 4 0 -95.4781420765 94.7 1830 26.2375249863
1080 4 0 -94.4423913043 95.1 1840 26.3925800323
1083 3 0 -92.8659459459 197.2 1850 26.530834198
1085 2 0 -90.7688172043 297.2 1860 26.6860730648
1089 4 0 -89.7647058824 97.0 1870 26.8273041248
1092 3 0 -88.2574468085 193.6 1880 26.9940950871
1095 3 0 -86.7518518519 196.3 1890 27.1501791477
1099 4 0 -85.7968421053 94.7 1900 27.3082220554
1101 2 0 -83.7942408377 296.7 1910 27.4637410641
1103 2 0 -81.8026041667 298.6 1920 27.6091470718
1106 3 0 -80.3528497409 198.0 1930 27.7511510849
1107 1 0 -77.8860824742 398.2 1940 27.9072020054
1111 4 0 -77.0046153846 94.0 1950 28.068652153
1114 3 0 -75.6214285714 194.1 1960 28.237981081
1118 4 0 -74.7507614213 95.9 1970 28.383972168
1124 6 0 -74.9318181818 -110.6 1980 28.5572111607
1126 2 0 -73.0618090452 297.2 1990 28.7135732174
1131 5 0 -72.7245 -5.6 2000 28.8597221375
